. VIII. 31. 100001, 00100000 0000100100.

rari 00101011ου0 0. 000000000000101101 010010 0100110101. rara

010110. Lib. Ε .
Lucaniam 000111. ig. 1001100, 1010000οἰ.
11. 1. Petro, notario. V. o. Vinion, 00100000 Panormitano.
17. Paulino, 00100000 10001000οε1. 8. 00011000, dinanno.
37. 100001, 0010000000011100100. 12. Patro, 0010000010100111000.
38. 1111001. .. 17.(Ξο 010001100000.
30. 01000, ordini, 01 Plabi 0001000. 22. 1101101000 00000000010.

13. 101101, 00100000 1010100011. 27. 00001000, 1100000.

III. 1. 1100110010, 00100000, 110010οε1. 32. Er 010.

10. 000100,ου0 100000. 31. 1111001.
11. 1100110010, 00100000 00010001. 05. ninom.
IV. 5. 0001111010, 00100000 Bagienni. VI. I. cypriano, 1100000.
v. 50. 100001100000110110010. 0. 0000, 00100000 010εο000001.
VI. 10. 1100110010, 0010000000010001. 13. 00001000, 1100000.
11. Rufino, apIaoopo 1110000001. 18. Ioanni, 00100000 0010000000.
20. 00001000, dinanno.
33. 00001, 00100000 0010000οἰ.
18. Paulino, 00100000 10000001, ato. 30. 0000011οο, 00100000 Tauromenitano.
ι 11. I. 000100, 00 1100000 0001000010. 30. cypriano, diacono.
5. 011001. . 10. Dono, 0010000011000000001.
10. 01001.....Το011000001. 12. 0101001, 00100000 Panormitano.
17. 11000010,00100000010000001. 13. venantio, 00101010.
58. 1100110010, 00100000 1100100οἰ. 11. 100001, 0 100000 0000000000.
IIII. 20. 110000οι10,ωο010100 militnm. 18. 000100, 010011.
tlt. 0. 100001, 00100000 0000000000.
22. 000010001100000.

III. 17. 0001000001100000.

21. Arogi, 1001.
22. 000 0010, 0000010010.
23. 010011100000100000. 38. 11000, 0010000011000000001.
11. 0001010001, notario. ο 30. 100001, 00100000 0000000000.
11111. 21. 000100,00011000001001000010. 11. cypriano, 0001001 000010111010.
25. 111000. 11. 000110001100000.
SICILIA. VIII. 3. 0000, 0010000011000000001.
I. 1. 1101000010 001000010 000 010111001. 7. taoni, 00100000 0010000οἰ.
2. 1001100, oratori. 17. 1100000110, 1110010100 militnm.
3. Panlo, aohoiaatroo. 19. 111001.
0. Patro, 0001100000. 21. 100001, 00100000 0000000000.
18. 1111010.Ι 23. 1001100101000001.
31. venantio, 0001000000 00101010 0000000. 25. 1101001,ορ100000 Panormitano.
30. Patro, aubdraoono. 20. 100001, 00100000 0010000000.
10. 101101,0010000011000000001. 27. Eidem.
II. 0000001000οο. 31. 0000011οο, 00100000 Tauromenitano.
II. 1111001. 35. 1000110, 000000011.
10. Itidem. IX. 12. 100001, 00100000 0000000000.

50. 1111001.
00. 001101, 00100000 11000000οι1.
07. 00100000100000.
00. 011001.
70. 1101000010 001000010 000 010111010.
71. Patro, anbdiaoono.
721111οι0.
73111001.

II. 5. 1101101,0010000011000000001.
ὦ. 00010010ἰο00, 00100000 0000000000.
17. 0001100, 00100000.
21. Maximiano, 00100000 0000000000.
20. Stephano, ohartuiario.
32. Patro, subdiacono.
33. 10011000001001.
31. 1100001000, 00100000 Syracusano.
30. 1000010, abbati.
.⁴⁴· LooIIIo, 0 10οο00 10 1101110.

III. 3. soanntabgrti.
12. Maximiano, 00100000 Syracusano.
27. 1100101000, abbati 10 Panormo.
38. 11000000, 00010010 0101110.
50. ’100010οο, 00100000 LiI 001000.
51. Maximiano, 00100000 0000000οο.
55. 1111010.
58. 000010001100000.

50. 0000011οο, 0010000010010010011000.

00. 11011010,00101010.

02. 00100010, 00100000 1001001111οο.
IV. 0. 000010001100000.

11. 1100001000, 00100000 0000000000.

12. 1111001.

11. Eidem.

10. 00001000, 1100000.

30. 100οΙ, 00100000 0010000οΙ.

37. Maximiano, 00100000 0000000000.

11. Eidem.

13. 1111010.

11. 101101 10 0101110.

18. Romano, 10100οο01.

10. colonis patrimonii 0000000001.
20. Patro Siciliensi.

21. 1110001100, 0000010010.

22. ciridano.

23. 100001, 001000οο0 00000000.
21. 11001000, 1010000111

20. Itidem.

27. 1111010.

28. Antonio, 0001100000, 010.

30. 11001000101000001.

10. Eidem.

11. 101101 10 storria.

15. 100001, 00100000 0010000000.
5511001100, 01000001.

50. Eidem.

57. 0001001011100101.

10. 100001, 00100000 0010000000.
00. Romano, 101000011.

02. Eidem.

00. 100001, 00100000 0000000000.
83. 1001100, 1010000οἰ.

81. 00000010, 00100000 Tyndaritano.
02. viatori, 00100000 Panormitano.
91. Romano, 1010000οἰ.

123. 00000110, 01 1101100.

II. 1. Romano, 101000011 0101110.

3. 1001100, 101000011 Panormitano.
0. 100001, 001000000010000000.
10. 0001000101000001.

13. Itidem.
11. 1001100, 10100οο01 Panormitano.

22. 11000100100000001000001.
23. Hadriano, notario 0101110.
27. 11000110 10100011111010.
28. 1100110010 000001.

 

