itea

0018111110 80118000 scodritano, 1201.
0018101018, 503.
. 0101018181008, 001.
011111000118010, 070. 085. 095, 733, 710, 755,
759, 700, 701, 793, 801. 807, 823, 800, 889. 891.
⁷Cyrinfieg 01188000 Constantinopolitano, 817, 851,
(0011100ίο 00780000137001010111110, 710.
00110 80188000 1111081110, 1089.
0881811811811 Gregtrrii, 111 inpendire, 1288.
08180801111088811881181ἰοί patrimonii, 970.
0101811110, 038.
0808111100 81 1111811110 clericis 011011111913.
Demetrio 81188000 01111, 790.

Demetrio 80188010 08100111800, 500.
11391880ῧὲ18 80111000 Viennensi, 831, 1000, 1019,
0811108011 81188000 Mediolanensi, 1290, 1238.

00118110 100111, 919.

0011111188 11811 7081118, 880.

0011111110 episcopo Carthaginensi, 609, 731, 800,
8311881810, 1081, irat.

0001018081188000 centumcellensi, 199.

0011111110 81188000, 853.

Domitiano 01811010011118,078, 1077.

Deneilo 810111011988, 1032.

0010 80188000 0888108081, 798, 823, 880, 890,
1082, 1130, 1230.

Dynamio 01111110 Galliarum, 017. 085.

08818810 80181000 Clusino, 1003, 1075.

0011001100 anglorum regi, 1161.

0101010 81188008, 853.

17011818180111800118,0880081010010101101010111,

001880018801111110111811. 1202. ⁸ [0111.

001880018 diversarum regionum 81 orevinorsrunr :

Corinthiis, 85810111011111582,88901110901011·
0078311111 1181110118,789; 111111111118001111111,
510585, 1181111,·,502; 0000011501 ; 801011180321
Sicilia, 185, 550, 808, 1138, 1230.

0108118 081 10108110 80188000 Galliae, 1000, 1111,
00110110 0110000. 1210. [12171.
Eugenio 0011110, 970.

00101110 80180000 81011101.,507, 770, 830, 882,

887, 910, 917, 990, teet, 19081212, 1210, 1217.

0110110110υοὶ Sardinia, 1191.

01881110 100111, 509.

00881110 80188000 Thessal, 898, 983, 1072, 1173.

Eusebia 111118181239.

Eutychio 81188000 Tyndaritano. 072.

Fontine detentori. 723, 912, 973, 971, 970, 993,
lota. 1050, 10581183, 1187, 1188, 1207, 1202.

Faustino detonseri. lide antine.

Fausto, 931.

Felici in Sicilia, 912, 959.

Felici 80118000 08 Aeropoll, 005, 0888118181,
528. 553. 571.
itFFm‘ itetteoeraia 811180110010118111010181011110,

010811 Felici, 1270.

Felici Pisaurensi, 820.

Felici 901108181917, 1210.

Felici 8110188, 735.

Felici 811011100. 510, 051, 055, 090.

Felici 81188000, 727.

Felici subdiacono, 970, 1273.

Firmino 80188000 Histria, 1203.

00110111081188000 Fanensi. 859.

Fortunate 80188010 08110111100, 072, 073, 702,
799, 818. 815, 807, 917, 953, eat. 997, 1005, 1013,
1019, 1050, 1057, 1058, 1071, 1081.

Fragmenta Epistularum, 111 leemites, 1302.

12ξὶξ10018011 08 11018011108108111008,1111111810188,
Fragmenta 08 11110118, 1281.

Fragmenta 08 Pirous coronate, 1301.

Fratribus in 1111111111 euntibus, 829.

Galle. Vide 11111808.

Gaudentio 81188010 Nolano, 737. 700.

0111111080 00118000 011 00110, 995.

01001010 magistre miFtum 111188, 500.
Gennadie 01111810 81 extraneantes, 550, 558,
m! m, mg m, 8⁴⁶0

’ INDEX 7170100070 EX 0018701118 8. 8880011111101188108.

000 18 resia ero 1110101111 0011011110001111

1801

8011 11810810 italis. 71080 110.
081118118011110118108110 regorio 1101013288.
Glorioso 80188000 Ostiensi, 917.

01111080 00188000 0810811110, 038.

01111080 8000118000030.

Gregorio cubicularia 1111018111. 808.

Gregorio 00188000 Antiocheno, 507.

Gregorio 8101818010, ilat.

Gregorio 0118008110 ltaliae, 500.

0101811180 01810101010111. 1018.

Gudeine duci 0810001100, 1208.

0011111 magistro 011111010,998.

080111100811110 81811101, 970, 1055, 1137, 1139.

ileliae presbytero 81100811 0101111018 1110118703.

1111110 1110111οο diriore, 5001 notarie, 1089.

00001110 archidiacone 8010001110, 501, ete.

Honorate 0118010, 513.

00101110 subdiacono, 019.

Honorio 80181000 Tarentino, 1232.

llerlensibus, 721.

1108011011 0081 011081111101001, 701.

importuno 80188010 1111111100, 577.

1110881110 80181000, 932.

1110180110 diriora 018188111007, 1095.

lancie 801810107810801101118110, 1133.

italicae 0111118118, 071, 1031.

7108111118, 813.

71101110 80181010 0111111110. 551. 552, 500, 013,
987, 095, 703. 705, 708. 898, 925, 920, att, 929,
931.081, 1008, 1107, 1210.

lebino lliirici 01018810, 581.

loanni airlrati, 025.

700101 10011108 Regio, 778.

loanni abbati 08 1101188111, 1091.

loanni episeopo 0111110111100,057.
667011131801318100000181111111000111100, 189, 507,

701111 episcope Corinthiorum, 770, 787, 898, 983.

701101 01818181, 898, 083.

loanni 00188010 ierosolymitano, 507.

701001 primae Iustiniana, 585, 027, 898, 983, 1201.

701101 80188000 Larisaeo, 028, 898, 983.

ioanni 81188000 Panormitano, 1213, 1218, 1219,
12021203. 1208.

701111011810111, 527, 598, 002, 007, 005, 727,
730, 738. [0081

ieenur'slieosnneiis Epistola edocentem 0111011110,

«loanni Squillatine 1018810111110, 599, 000, 021.

ioanni 8011811110,517, 917, 1081.

loanni Syracusano, 800. 825. 850, 887, 910, 915,
939. 911, 910, 959. 975, 979. 1017,1075, 1070, 1083,
11181122, 12501230, 1237.

loanni 1181111100, 578, 011.

701111 visitatori Ecclesia 00088108, 588.

701101 dsUrbe veteri, 198.

70101100188000, 1208.

loanni 118008110118118, 1051.

701111 religiose, 1109.

701011 subdiacono, 015, 1108, ilat, 1230.

701001 81 00010180101008. 111110181011181111.

701001 exconsuli, 520.

701001 1110010 sipontino, 1100.

708001 001018011, 12501252, 1250.

7011110 88110011, 957.

7011800, 1231.

7011110 01810118181118, 187, 590.

1110180110 80188000 Mediolanensi, 505.

1811010 80181000 0180118181, 531, 777, tete.

Leoniaeegiaoepe 00100181, 710, 818, 89111055,

Leoni 81118000 11 0018101, aaz, Fananai, 820.

18011 acolytho, 098.

1800118 Auguste, 1215.

1801110 01010111, 011, 771.

Eidem 10818111810 00188000 Ariminensi, 823.

Leontio exconsuli, 923,1070, 1078, 1083.

Libertina 011110 0, 93218111Ιί8 01810010, 0511
915; 0101810111 1. .

Liciniani Epistola ed 1111811101 usserium, 029.

1181010 episeopo, titt.

Lucida 81188000 18001110, 1211, isse.

1081110 00110000 08 llalita, 005. ·

1811111080 abbati 1000111. 8. 'l'iromar da 81111100.

lano 110010 0100111111,1111. wll.

     

